11110100010101111011001X0100XX00100X
17610 1035852
55284 229776690
16166 12685380
8340 16011
0X1X0X010101011X10X101000X0001110100
968 15992
32758 7076
30704 1701
33719 58012
20818 25927237
16718 46485
111001111X0X0X101X111X1X001XX0011010
2115 14848
42753 617
56076 9933868
19106 43503
10073 32909
40830 1959686
X11X00000XX1011X10000X01110000X0001X
41605 13245557
6571 7973763
46231 28527162
44901 163334644
0101XXX1X10XX1101011110000000010010X
53492 357272
32816 35015
6965 11280352
27745 160101
26728 1260
1XXX0100XX1X0X10101100011101101X0111
22010 28123044
42154 82539
54914 22078
7185 436
58583 25334197
11110010X001011010X1XX010XX0110001XX
62397 9570559
49595 15491062
21644 9478776
19853 31023
001110000101011X1111100XX1111000X111
62345 1200300
34309 115943357
23144 873
36010 954
6857 645222
0011X101110X10101111000X010X00100000
12284 570
44849 48293
48549 489763617
51371 1151
01X0X10101000XXX10111010011010XX0X10
17699 14190020
32796 84255743
62003 1426
18906 353
38218 615297
0X0101010111XXX01011010111XX01100010
26389 62531634
12404 1034263
49398 1006
22929 313056
16164 1694664
19077 53452
0X1XXX0X010101101X1110XX101010X01010
38381 18385
2319 552
60857 1931
41219 19301038
9073 85077
00010000010XX1X01000110101100X000111
10385 227941
31042 151514106
22360 168649336
0110010X0100XX10001X11X1X11100XX0X11
40411 8140928
3859 2742
45449 4317450
17740 1337381
19338 6605990
22407 53051
42292 550664
X1110XX00X0101101011XX0X101110001111
59509 304929
43817 14977
39410 439
38730 34567670
31862 8027039
60857 5209
X11X0000X1X101X010110XX011111011X011
28472 14882
50099 1135
58921 980796
50737 36974
54167 22140347
2139 22934
13202 136157
X1X001X1010001X0X0111100101110X0X101
911 8925
652 183714641
58633 5186611
41763 29030
011X01010010001110110X0X1100000000X1
47324 8124
31660 355290
19624 1760
32635 27873924
45190 439446159
1090 428
XX10000X00011X1X1011010X0001110X0101
40622 1839170
45103 108379641
29222 187252
42753 2592089
46615 4466791
22416 6619543
X0X101X10X000010XXX10110111011011101
42154 3271203
10355 89584861
14447 383415
1X000X001X100X10X0X1X01X1101X0110101
40691 1490354
6162 601597339
62819 15727
48596 8589566
46732 56337
35437 1568988
00X0X10X01010110X0111X0XX01100001111
43285 75734
41605 46442
7672 667983
29222 9835
34949 3945167
01X00101X101001010X1100X0X11X110X101
8617 182201
33667 11585659
57414 235257
0111010001010XX01X11XX1011XX101X1011
19633 3970
10580 6454804
22445 12328278
22131 70709
31438 870851666
46279 638924631
20402 311245
0110000101X1X11010111X001111X1000111
2405 733626
27649 150996
45000 13156617
01X10X0X01X10110101101X1X1X00100011X
44304 5130
25804 264101480
896 1445
20949 386031115
24951 9889
51040 3708234
00100X01010101101111100010XX0100X1XX
31907 15551
1218 1034
17073 359232
010100010101X1101X11011X010001XXXXX0
11137 1499158
59509 262392
6988 14863
28213 554
7044 68
01100101X1XX0X10X01110X1001X00X00X11
22674 3230
35891 3585
3551 15928515
36206 104461320
22167 1161073
01X1X00X01010X1010111X010XX00011X101
17360 494
34415 3766044
8898 846638
48368 500781
011001010X0X001X0X101X010X100101100X
60679 10414
34463 11
01100100010XX11X1X0X0000001111010011
40952 1659
27502 2916485
7436 211741
58641 944726
58633 46218913
010110000101011X101101X0111110X00X11
3042 13844
49701 56163826
011001X00101011010X1100010X11X011X11
38067 7299191
31130 116061
2139 63458254
4521 1237
0111X000X1010110101X011100100100011X
21329 642
41123 28058
29555 4111
15009 3801745
49595 317
56642 126724425
29388 19214321
1101X1X0X11X101011X01X11X0111X001X01
20118 21164480
39432 508
39859 958
36851 196470
26907 97849565
XX10000011110X001011XX0010X110100001
34234 17652327
16028 80890944
54559 64040
25194 41593756
001110000101X1101XX1000X10110000110X
33667 916652067
2405 1244
63718 292918
29526 711465
24951 1884
22360 167190303
1100000000111X11101X0110X00010X00100
6620 2734891
64584 215747822
01X00X000100101000X11000X01110100X01
56211 3278176
40364 340370
23555 27655
42471 227213
1X10X1111101X110X011X000X0X0X10011X0
6829 110833304
15624 23686
59705 5391933
10724 32064
14827 6939
X1X1100001010X111011101X00110X000010
50595 719945
1480 39227195
52615 124668762
01100XX1110X011XX01100001011X1X10X10
58924 3492
16850 584
61283 289490093
20396 55247
12216 9844180
12216 14974951
00X00101010101X010111000101XX0100001
4778 4486654
24826 1334889
30412 685
424 40892660
19019 87071
58641 13743890
011100XXX10101101X0X00010001011100X0
10355 392450
20082 23264
25220 1800190
59108 141835
58233 543
48973 863
54167 28960
1110X0000001X11010110000X1011XXX1010
52783 2071776
60857 108259027
37356 2641268
21950 47481758
52557 7700825
0X11010XX10X001011110010111000101001
58111 244589936
41399 42658
27306 237040
4122 1592
X1X00X0111110110101XX1001001X0010X10
6801 34789897
59447 10675177
28987 666686
X110000X000110X11011111000X11100010X
424 2927
30920 894899
1670 305032596
0111X01000X1X1101011001X111000011010
29811 632621
40046 51323
55593 6182
01100011100XX11X00X110X011110XX10101
58803 484311
49237 12281
46823 1332
24356 1277234
42561 1938
14991 8909
0111X00000X101101X11101010111X001111
8482 2735
36657 64651206
3842 157
60137 483271
5610 709
XX1X00X00X01X11010111X001101110X1111
22416 27971815
19192 7861
51678 25016
011XX1111101XX101111001X001110010000
64535 155
38057 669
8482 29767095
00100X000X010X10X111100X11100110X101
38067 10211
37762 11637
34706 44902
0X11001100110XXX1011011X10X10X01100X
26809 2100865
60446 25094
43745 461971
24321 28927
7984 355769146
9488 1910
0X1001X1X10X0X1010111X10X011X01X1111
51678 2889
46700 214866595
40992 4945733
25409 172376952
0110011111X100101X11000XX110X0001X0X
11587 9651
41265 61660
1822 6155
29303 250909900
59145 51920318
01X1X0X0X1010110101100101111100X0001
33719 2071728
24951 108
12284 369552742
55012 53272268
31862 3576
5950 460151
55978 53697916
XX1100000X01011010X1100011X01000X110
61606 1036
6477 81209
2187 6526467
111000X011110100X011X0XXX11X10110X01
25194 7338343
16563 225968
51983 30985431
0X000100010101101X11100X00011X111011
34309 434429
16850 476433401
63015 181118
X110001011X1010X1011010X1011X01100X0
19081 237103716
24300 10640
23963 430607
0111XXXX001101101011000011XX00X01XX1
26941 27590
31862 20472
4020 3134353
55543 1761762
45048 1024489921
11100111X10X111XX0X1000010111110101X
48596 3587524
2018 451398
54298 121634159
26371 5517119
57585 1825
0111X00X0011X11010X10X100100X1100000
44281 1515553
36633 1289
30077 12046281
55362 226809
48993 794317
58968 241
X110010101100X10101110100011000XX001
22929 2072990
22931 336
31880 119168961
3859 49656496
45103 296484159
XX11000001011110100101100X0X01100101
41219 826
38539 22527609
40238 29540
34813 4305171
51640 4302332
44070 1373134
011X0000X101011010011111X01X10101011
40884 256867181
56234 2181222
5950 68826
1760 88028804
50704 5302105
24366 442
10147 127227597
0110X1100101X1101011X111100X0X0XX010
21956 121736133
25007 3174
42616 925004
1670 3018
46932 2981988
X1110011001XXXX01011011X1X1100011X01
61283 521975
27640 322
62514 153670214
23951 14226595
9549 2336533
11888 827772
1101X100XXX1X010111000XX0001000X10X1
16797 22808
48021 2258240
12370 185157105
01110X0X00XX0X1X10110100X10X01000010
4594 93
57388 665641765
1345 361710791
37543 1730
57136 388716965
42524 553
13403 637623155
0110X1X0X101011X10110110100101011110
16512 3631
11337 203803846
2504 336583240
12269 4069068
01XX001111001110101100001X01000100X0
33661 6490
30704 128919282
41797 22490
8134 38294563
63208 12103
11X00X0000X1XX1X101100010000010011XX
24951 3275742
23998 1551
19972 5727596
17337 205937438
41952 53261
64651 26734
X11001111101XX101X110X001011100X0X1X
57388 441426
11337 336
8515 381065399
49625 1066556272
54274 7650
8575 15426
18302 216253866
1X0X00X000X11X1110110100110111X1X101
6256 17076091
7973 5554062
39859 1429203
0X110001011101101X1111101001XX000110
38807 351
28213 22387
26591 76518875
15712 12048675
01X1XX00010101101011X111XX1010XX1011
9073 789
39859 919291385
18302 347
41224 4579691
41167 19132842
424 158741911
X110010X0100X010X0100X00XX111001X011
28822 66019
46209 2719
35264 1826
60137 389000
01010001X101X11010110X111111X1000001
16591 62860121
10737 1180
31130 16000
34880 584
6800 39
0111X000X1XX11101001010X00110010011X
5501 31780835
31862 6009
49129 91037
7935 15099
44839 31518815
0101000101011110X1110111000001XXX000
14827 1206371
62398 1062
50952 1253562
32584 22533969
9662 2590
01100X111X0X1110XX111X000X1101000001
40142 107915
10580 4884244
2187 1020
11X100XX1001X1X0101X01X1001X11111100
19551 54829
18208 627039
18032 3423
24162 301557348
35891 1206
01100111110100X0XX1X1011XXX100101000
9695 368318059
9916 30083984
9903 866066456
3360 434642
3609 2437
0XX1X000010XX1X0100X1010X10100X00111
64662 5845
20000 2302117
21056 11248
641 200833516
46678 3506929
0X100111111100101111110X01110X00010X
59199 1984963
43784 7811709
49701 3967
11888 790487
111X00000101111010010X10001101XX11X0
51082 222096294
50595 121297
27424 268132
9473 200971
42941 1604
0X11010X1X00X01011110010111XX010X00X
44304 31572
14907 1066531
34745 91393
1617 124090
25898 49692
X11X01000X010X111X1X10100000010X10X0
12953 62465686
24718 15597133
20124 4930329
0X11010000X10X1010110111XX00X1XX101X
12426 694
2226 70693
6332 3693756
0111100000110XX010X11000X1X111011010
42447 86599788
62694 50365
59239 4355782
12523 14292673
52756 2685769
54978 207845
17699 366567692
011001011111X0XX101100000X10X0X01011
8186 1183
6181 8087
61605 3505
46678 85544
40046 5212041
28835 3272650
011100000101X11010X1011X10X1XX00X011
55012 105058
52202 26295
59657 2809
X1X10100X101XXX0X110001110001XX01001
45682 323588
49237 58065
41032 27927
35647 280
47892 252817
29350 15075
X11100X0010X01X010111101001100000010
34234 10472
14531 102821
49081 3626197
62940 630043
4115 453716952
0111010001XX0110111X0101100X1X10101X
911 198069
5550 42378
27566 13692
13890 46764242
11669 66225421
54529 652599152
X11X01X00X01011X10110110X00X100X10X0
7236 3301
10580 971
51284 232016
13784 33278200